target_month,port_excess_ret,long_leg_ret,short_leg_ret,gross_exposure,net_exposure,beta_exposure,betabab_exposure,max_abs_sector_net,max_sector_gross_share,turnover_cap_relaxed,turnover_relax_mult,n_long,n_short,n_positions,month,tb3ms_annual_pct,rf_monthly,month_sp,sp500_ret,benchmark_monthly,active_ret,rolling_beta_12m,drawdown,sp500_drawdown,trade_cost,borrow_cost,traded_notional,net_port_excess_ret,net_rolling_beta_12m
2021-01-31,-0.005648464224534036,0.02138274577546584,-0.027031209999999875,1.999999999999998,0.0,1.6653345369377348e-16,-3.885780586188048e-16,0.05,0.21500000000000002,False,1.0,102,100,202,2021-01-31,0.08,6.666666666666667e-05,2021-01-31,-0.011136640158463607,0.0034000000000000002,-0.00898179755786737,,-0.005648464224534022,-0.011136640158463607,0.0015922748786101944,0.0004787499999999998,1.9999999999999987,-0.0077194891031442305,
2021-02-28,-0.03774810715406185,0.04035579715154258,-0.07810390430560443,1.9999999999999987,-1.1102230246251565e-16,-5.551115123125783e-17,-5.551115123125783e-17,0.05,0.2329557,False,1.0,106,104,210,2021-02-28,0.04,3.3333333333333335e-05,2021-02-28,0.026091474971999817,0.0033666666666666667,-0.041081440487395184,,-0.04318335254579231,0.0,0.0003494143023255235,0.0004739875262499996,0.4000000000000001,-0.03857150898263737,
2021-03-31,0.10826965512397121,0.07213339285319507,0.036136262270776154,1.9999999999999987,0.0,-2.220446049250313e-16,2.220446049250313e-16,0.05,0.2399782550749015,False,1.0,108,106,214,2021-03-31,0.03,2.4999999999999998e-05,2021-03-31,0.04243863400810777,0.0033583333333333334,0.10493632179063789,,0.0,0.0,0.0003261932141733257,0.0004675070425077432,0.4,0.10747595486729015,
2021-04-30,0.03752304576218777,0.045830333104310526,-0.00830728734212275,1.9999999999999987,-1.1102230246251565e-16,-3.885780586188048e-16,0.0,0.05,0.24627841728027128,False,1.0,108,112,220,2021-04-30,0.02,1.6666666666666667e-05,2021-04-30,0.05242531255584737,0.00335,0.034189712428854435,,0.0,0.0,0.00034128905289033994,0.00047652242702855445,0.39999999999999997,0.03670523428226888,
2021-05-31,0.04998043884005428,0.020562198357189,0.02941824048286527,1.9999999999999991,0.0,-1.942890293094024e-16,-2.220446049250313e-16,0.050000000000000024,0.26323400838861033,False,1.0,109,113,222,2021-05-31,0.02,1.6666666666666667e-05,2021-05-31,0.005486502581813157,0.00335,0.046647105506720944,,0.0,0.0,0.00033467815718679877,0.0004748128155479743,0.3999999999999999,0.04917094786731951,
2021-06-30,-0.07739349484177883,-0.005038753824625064,-0.07235474101715376,1.9999999999999991,1.6653345369377348e-16,-3.608224830031759e-16,-1.6653345369377348e-16,0.05000000000000002,0.27837150157702906,False,1.0,108,113,221,2021-06-30,0.04,3.3333333333333335e-05,2021-06-30,0.02221397632316946,0.0033666666666666667,-0.08072682817511216,,-0.07739349484177871,0.0,0.0003472432258059729,0.0004768980428096741,0.40000000000000013,-0.07821763611039448,
2021-07-31,0.07190040633927405,0.021776046774056933,0.0501243595652171,1.9999999999999987,0.0,0.0,-3.885780586188048e-16,0.05000000000000001,0.27808480995260837,False,1.0,108,113,221,2021-07-31,0.05,4.1666666666666665e-05,2021-07-31,0.02274810936591054,0.0033750000000000004,0.06856707300594073,,-0.011057712229645023,0.0,0.0003358906698686527,0.0004696407172218315,0.4,0.07109487495218357,
2021-08-31,0.018545097879132638,0.026125559493436493,-0.007580461614303848,1.9999999999999987,1.6653345369377348e-16,5.551115123125783e-17,-2.220446049250313e-16,0.05000000000000002,0.2620837725807112,False,1.0,111,116,227,2021-08-31,0.05,4.1666666666666665e-05,2021-08-31,0.028990321391681118,0.0033750000000000004,0.015211764545799304,,0.0,0.0,0.000318275415461634,0.0004559315106891449,0.3999999999999999,0.01777089095298186,
2021-09-30,0.007591864424100462,-0.04434695792126905,0.05193882234536953,1.9999999999999987,1.6653345369377348e-16,-2.7755575615628914e-16,0.0,0.05,0.2702051657386527,False,1.0,111,114,225,2021-09-30,0.04,3.3333333333333335e-05,2021-09-30,-0.047569140421166334,0.0033666666666666667,0.004258531090767128,,0.0,-0.047569140421166445,0.0003266516507793736,0.0004671619247301836,0.3999999999999999,0.006798050848590904,
2021-10-31,0.016508051208437124,0.045415247368777875,-0.028907196160340754,1.9999999999999991,0.0,5.551115123125783e-17,0.0,0.05000000000000003,0.2739151848789854,False,1.0,112,118,230,2021-10-31,0.05,4.1666666666666665e-05,2021-10-31,0.06914387330123462,0.0033750000000000004,0.01317471787510379,,0.0,0.0,0.00033112472531289766,0.0004632809692320884,0.3999999999999998,0.01571364551389214,
2021-11-30,0.06654724284529047,-0.009624158388713989,0.07617140123400445,1.9999999999999991,1.1102230246251565e-16,5.551115123125783e-17,3.885780586188048e-16,0.05000000000000003,0.27426340773349733,False,1.0,111,119,230,2021-11-30,0.05,4.1666666666666665e-05,2021-11-30,-0.00833373141847149,0.0033750000000000004,0.06321390951195714,,0.0,-0.00833373141847149,0.0003531825182476016,0.000451061854915547,0.40000000000000024,0.06574299847212732,
2021-12-31,0.078312730595287,0.06070474649907836,0.017607984096208645,1.999999999999999,0.0,-4.996003610813204e-16,-3.3306690738754696e-16,0.05,0.26550719773548226,False,1.0,111,122,233,2021-12-31,0.06,4.9999999999999996e-05,2021-12-31,0.04361287497262989,0.0033833333333333337,0.07497939726195367,0.2813206989189223,0.0,0.0,0.00033953879702485086,0.0004728430202893305,0.3999999999999999,0.07750034877797282,0.28486320600493026
2022-01-31,0.046826233269964546,-0.08118462894736823,0.12801086221733277,1.9999999999999987,0.0,3.3306690738754696e-16,7.771561172376096e-16,0.05000000000000001,0.2595538982371766,False,1.0,109,121,230,2022-01-31,0.15,0.000125,2022-01-31,-0.05258508910699977,0.0034583333333333337,0.04349289993663121,0.05738801203762386,0.0,-0.05258508910699977,0.00032316390985764133,0.0004655265006514055,0.39999999999999986,0.0460375428594555,0.05728818232107187
2022-02-28,-0.014680528843068894,-0.004519361002794518,-0.010161167840274378,1.999999999999999,-5.551115123125783e-17,2.220446049250313e-16,-1.1102230246251565e-16,0.05000000000000001,0.22849767105110075,False,1.0,117,124,241,2022-02-28,0.33,0.000275,2022-02-28,-0.03136052086678265,0.0036083333333333336,-0.018013862176402228,0.2244961459591847,-0.01468052884306903,-0.08229651418956074,0.00033511773134226134,0.0004677926235386573,0.39999999999999997,-0.015483439197949814,0.22442221047346875
2022-03-31,-0.014024249724220767,0.00816547124260636,-0.022189720966827125,1.9999999999999987,5.551115123125783e-17,0.0,1.1102230246251565e-16,0.05,0.22940773634649939,False,1.0,119,122,241,2022-03-31,0.44,0.00036666666666666667,2022-03-31,0.03577323877328009,0.0037,-0.0173575830575541,0.028342247072023607,-0.028498895164710936,-0.04946728826859237,0.0003510083772294038,0.00045602366510852496,0.40000000000000013,-0.014831281766558697,0.028244744230917215
2022-04-30,0.06861000581331574,-0.061265758522129385,0.12987576433544515,1.9999999999999991,0.0,-2.7755575615628914e-16,-4.440892098500626e-16,0.05000000000000002,0.21779967882981538,False,1.0,114,117,231,2022-04-30,0.76,0.0006333333333333333,2022-04-30,-0.08795671914903935,0.003966666666666667,0.06527667247998241,-0.17580162654260884,0.0,-0.13307302703632662,0.0003243846603395977,0.00046812241986142456,0.3999999999999999,0.06781749873311471,-0.1758772028245001
2022-05-31,0.07764193383985543,0.027935281001290817,0.0497066528385646,1.9999999999999984,-2.7755575615628914e-17,-5.551115123125783e-17,-1.6653345369377348e-16,0.05,0.21304743494893663,False,1.0,119,123,242,2022-05-31,0.98,0.0008166666666666666,2022-05-31,5.324388360872234e-05,0.00415,0.0743086005065221,-0.18234150111912317,0.0,-0.1330268684774809,0.00033235956290706916,0.0004706435908498894,0.39999999999999997,0.07683893068609847,-0.18241492979334992
2022-06-30,-0.0347630895379673,-0.10897130898925106,0.07420821945128377,1.999999999999999,5.551115123125783e-17,1.6653345369377348e-16,2.220446049250313e-16,0.05,0.2197763385471953,False,1.0,116,121,237,2022-06-30,1.49,0.0012416666666666667,2022-06-30,-0.08391999322386645,0.004575,-0.038096422871300634,0.13123705045535078,-0.03476308953796725,-0.20578324780012514,0.0003245046665204589,0.00046392299619775143,0.39999999999999986,-0.035551517200685515,0.13117323602666625
2022-07-31,0.014874051653007113,0.1068563553425516,-0.09198230368954446,1.9999999999999996,2.7755575615628914e-17,3.885780586188048e-16,-3.885780586188048e-16,0.05,0.23114942135846472,False,1.0,123,126,249,2022-07-31,2.23,0.0018583333333333334,2022-07-31,0.09111634763220589,0.005191666666666667,0.011540718319673779,0.03083758257297008,-0.020406105874366087,-0.1334171181113598,0.00033775678597843206,0.0004920024024622242,0.4000000000000001,0.014044292464566458,0.03071344170881918
2022-08-31,-0.06363681268683458,-0.05366873534849722,-0.009968077338337353,1.9999999999999991,-2.7755575615628914e-17,3.3306690738754696e-16,1.6653345369377348e-16,0.05000000000000001,0.23569997838127754,False,1.0,116,119,235,2022-08-31,2.63,0.002191666666666667,2022-08-31,-0.04244011921681046,0.005525,-0.0669701460201679,0.12326619642610658,-0.08274433902400591,-0.17019499892996082,0.00033358586998585285,0.0004691212481501137,0.3999999999999998,-0.06443951980497055,0.12311960961011417
2022-09-30,0.00983067555832912,-0.10586921908850068,0.11569989464682981,1.9999999999999993,5.551115123125783e-17,2.220446049250313e-16,5.551115123125783e-17,0.05000000000000001,0.22653593546328205,False,1.0,122,121,243,2022-09-30,3.13,0.0026083333333333336,2022-09-30,-0.09339570164348932,0.005941666666666667,0.006497342224995786,0.11743835894474963,-0.07372709621691032,-0.24769521923217352,0.00034842740204823466,0.00048175288852342465,0.39999999999999986,0.00900049526775746,0.11737063527013471
2022-10-31,0.07282642629091443,0.12171797804361807,-0.048891551752703655,1.911329404370484,5.551115123125783e-17,0.0,1.1102230246251565e-16,0.05000000000000001,0.20591822570235777,False,1.0,121,124,245,2022-10-31,3.72,0.0031000000000000003,2022-10-31,0.07986345457689326,0.006433333333333334,0.0694930929575811,0.22635741540252538,-0.0062699508642798385,-0.18761356054534262,0.0003525326190248349,0.00046174690329968117,0.3999999999999999,0.07201214676858991,0.2262535153754759
2022-11-30,0.04757773450250235,0.08704428698886993,-0.039466552486367594,1.9999999999999991,1.1102230246251565e-16,1.1102230246251565e-16,1.6653345369377348e-16,0.05000000000000002,0.209916589350328,False,1.0,120,125,245,2022-11-30,4.15,0.0034583333333333337,2022-11-30,0.053752860293699856,0.006791666666666667,0.044244401169169015,0.2350919346775066,0.0,-0.14394546576084022,0.00030693233352557353,0.0004713549271580778,0.4,0.0467994472418187,0.2350300110535812
2022-12-31,0.007700327144223938,-0.05901210707580791,0.06671243422003185,1.999999999999999,1.3877787807814457e-16,-3.3306690738754696e-16,3.0531133177191805e-16,0.05000000000000001,0.21566498281726076,False,1.0,117,121,238,2022-12-31,4.25,0.003541666666666667,2022-12-31,-0.058971449299161094,0.006875000000000001,0.004366993810890604,0.18522931754497304,0.0,-0.19442824232404177,0.0003223945538314798,0.0004748140997615708,0.39999999999999997,0.006903118490630887,0.1851703062606131
2023-01-31,0.0033589084483740365,0.10194305570811955,-0.09858414725974551,1.9999999999999996,1.1102230246251565e-16,-3.0531133177191805e-16,-1.6653345369377348e-16,0.05000000000000001,0.2106593000932251,False,1.0,120,126,246,2023-01-31,4.54,0.0037833333333333334,2023-01-31,0.06175283240005203,0.007116666666666667,2.5575115040702995e-05,0.17836037249693334,0.0,-0.144681904586063,0.00033543052351468403,0.0004824667937333147,0.3999999999999999,0.0025410111311260377,0.1782982862926054
2023-02-28,0.0322821522342667,-0.003852781997948959,0.03613493423221566,1.9999999999999991,1.1102230246251565e-16,8.326672684688674e-17,8.326672684688674e-17,0.05,0.2124026670286346,False,1.0,112,120,232,2023-02-28,4.65,0.0038750000000000004,2023-02-28,-0.026112446646715304,0.007208333333333334,0.028948818900933364,0.15770755065467384,0.0,-0.16701635271852955,0.0003100242989884314,0.00045490025724425736,0.40000000000000013,0.03151722767803401,0.15762929929581795
2023-03-31,-0.0035007543064912152,-0.018826595019873358,0.015325840713382142,1.9999999999999991,-5.551115123125783e-17,3.0531133177191805e-16,0.0,0.05000000000000002,0.2160902869385713,False,1.0,113,121,234,2023-03-31,4.69,0.003908333333333334,2023-03-31,0.03505157235872702,0.007241666666666667,-0.006834087639824548,0.16971759246949447,-0.003500754306491216,-0.1378189661322068,0.0003434882492251133,0.00047145432191446763,0.3999999999999998,-0.004315696877630796,0.16963304580401017
2023-04-30,0.008501596424807679,-0.004503470628350965,0.013005067053158645,1.9999999999999991,2.220446049250313e-16,3.3306690738754696e-16,-1.942890293094024e-16,0.05,0.21495115941426318,False,1.0,114,120,234,2023-04-30,4.92,0.0041,2023-04-30,0.01464236088297044,0.0074333333333333335,0.005168263091474345,0.292047042771909,0.0,-0.1251946002878619,0.0003477960202828847,0.00046803933398537024,0.39999999999999997,0.007685761070539424,0.29196685367768904
2023-05-31,0.01325407241911859,-0.007755591110891083,0.021009663530009666,1.999999999999999,1.1102230246251565e-16,-2.498001805406602e-16,-1.3877787807814457e-16,0.05,0.20132990239563248,False,1.0,113,122,235,2023-05-31,5.14,0.004283333333333333,2023-05-31,0.002482323934879238,0.007616666666666666,0.009920739085785255,0.29267267424206195,0.0,-0.12302304990579493,0.0003445509638112442,0.0004737455622144106,0.40000000000000013,0.012435775893092936,0.2925929521295829
2023-06-30,0.04082268962968072,0.10367164752657806,-0.06284895789689733,1.999999999999999,3.3306690738754696e-16,1.6653345369377348e-16,-1.3877787807814457e-16,0.05000000000000002,0.20097916325923526,False,1.0,115,123,238,2023-06-30,5.16,0.0043,2023-06-30,0.0647275128414313,0.007633333333333334,0.037489356296347386,0.2628752333718182,0.0,-0.06625851310693298,0.00032870389143824924,0.00047464881978890303,0.3999999999999999,0.040019336918453566,0.262832117082034
2023-07-31,0.017578607557514708,0.04782102771362547,-0.03024242015611076,1.9999999999999991,1.6653345369377348e-16,4.718447854656915e-16,-5.551115123125783e-17,0.05000000000000001,0.18294404245422433,False,1.0,111,116,227,2023-07-31,5.25,0.0043749999999999995,2023-07-31,0.031138913980379268,0.007708333333333333,0.014245274224181374,0.31441598756818345,0.0,-0.0371828172666584,0.00033468654128497875,0.0004781818248701257,0.3999999999999999,0.016765739191359603,0.31441811841524675
2023-08-31,0.042057365800104086,-0.02245559925063695,0.06451296505074104,1.9999999999999996,8.326672684688674e-17,-5.828670879282072e-16,-2.220446049250313e-16,0.05,0.18560103925855648,False,1.0,109,113,222,2023-08-31,5.3,0.004416666666666667,2023-08-31,-0.01771643248143373,0.00775,0.03872403246677075,0.17081315757028834,0.0,-0.05424050287651794,0.0003460784556921611,0.00047390245091554314,0.3999999999999997,0.041237384893496376,0.17083484459042278
2023-09-30,0.0388833966545784,-0.049226790686907225,0.08811018734148564,1.9999999999999991,2.7755575615628914e-17,-2.7755575615628914e-16,2.7755575615628914e-17,0.05,0.1808757936007588,False,1.0,112,119,231,2023-09-30,5.32,0.004433333333333333,2023-09-30,-0.04871929116215501,0.0077666666666666665,0.035550063321245065,0.11686018475911328,0.0,-0.10031723518625024,0.0003500801388954652,0.000476061307864695,0.39999999999999997,0.03805725520781824,0.11683596274546079
2023-10-31,0.013900938714293093,-0.06870739487850826,0.08260833359280136,1.9999999999999993,8.326672684688674e-17,5.551115123125783e-17,2.220446049250313e-16,0.05000000000000001,0.17767997288634793,False,1.0,115,121,236,2023-10-31,5.34,0.00445,2023-10-31,-0.021979687736850106,0.007783333333333333,0.01056760538095976,-0.011593120518058244,0.0,-0.1200919814190824,0.0003379966290877497,0.0004907193091134334,0.3999999999999999,0.013072222776091911,-0.011562657139279155
2023-11-30,-0.017067050020569005,0.08086917607974597,-0.09793622610031498,2.0,5.551115123125783e-17,-2.7755575615628914e-17,-2.7755575615628914e-17,0.05000000000000002,0.18052283386117585,False,1.0,120,124,244,2023-11-30,5.27,0.004391666666666666,2023-11-30,0.08917926462873771,0.007724999999999999,-0.02040038335390234,-0.18151168305172774,-0.017067050020569074,-0.04162243138110644,0.00033802231243056964,0.0004945206187228665,0.3999999999999998,-0.017899592951722443,-0.18161915387612507
2023-12-31,-0.04148465464680688,0.09535846312932877,-0.13684311777613564,1.9999999999999991,8.326672684688674e-17,1.6653345369377348e-16,-1.1102230246251565e-16,0.05000000000000001,0.18513570837128998,False,1.0,117,116,233,2023-12-31,5.24,0.004366666666666667,2023-12-31,0.04422916940321375,0.0077,-0.044817987980140216,-0.32970726387718385,-0.057843683991432804,0.0,0.0003518268703599787,0.00048051076233933306,0.40000000000000013,-0.042316992279506194,-0.32980327885676824
2024-01-31,0.02806361725427469,-0.01130949588287699,0.03937311313715167,1.9999999999999987,0.0,3.608224830031759e-16,3.608224830031759e-16,0.05,0.18738649008743752,False,1.0,114,112,226,2024-01-31,5.22,0.00435,2024-01-31,0.015895744712075555,0.007683333333333334,0.024730283920941357,-0.34293489325797394,-0.031403369745270804,0.0,0.00034570891425955166,0.000476782644741986,0.39999999999999997,0.027241125695273153,-0.343036142897992
2024-02-29,0.024168127901809458,0.04151087416815041,-0.017342746266340952,1.9999999999999998,1.6653345369377348e-16,1.1102230246251565e-16,5.551115123125783e-17,0.05000000000000002,0.20046380014078716,False,1.0,114,119,233,2024-02-29,5.24,0.004366666666666667,2024-02-29,0.05172061539731532,0.0077,0.020834794568476124,-0.29318014748207466,-0.007994202500012704,0.0,0.0003163786460554776,0.0004819063682312284,0.3999999999999999,0.02336984288752275,-0.29311252449151926
2024-03-31,-0.0015415574838631772,0.03985653198953805,-0.041398089473401234,1.9999999999999991,0.0,2.7755575615628914e-16,-3.3306690738754696e-16,0.05000000000000001,0.21261809478330748,False,1.0,115,115,230,2024-03-31,5.24,0.004366666666666667,2024-03-31,0.031018764704381807,0.0077,-0.004874890817196511,-0.2892911095991242,-0.009523436461184587,0.0,0.00033434883401492916,0.00048337530051050263,0.40000000000000013,-0.002359281618388609,-0.2892256821113997
2024-04-30,-0.016141822077477257,-0.06921582643757726,0.053074004360100006,1.9999999999999987,1.942890293094024e-16,-2.7755575615628914e-17,5.551115123125783e-17,0.05000000000000001,0.2088217985089098,False,1.0,116,113,229,2024-04-30,5.24,0.004366666666666667,2024-04-30,-0.04161504277408257,0.0077,-0.01947515541081059,-0.15281822206353424,-0.025511532921739133,-0.04161504277408257,0.000334512396217161,0.0004800601358498351,0.3999999999999999,-0.016956394609544255,-0.1527768862111868
2024-05-31,-0.0024818951578395045,0.050861053852726046,-0.053342949010565556,1.9999999999999998,2.7755575615628914e-17,5.551115123125783e-17,-5.551115123125783e-17,0.05,0.19009581299369654,False,1.0,121,117,238,2024-05-31,5.25,0.0043749999999999995,2024-05-31,0.04802122449952262,0.007708333333333333,-0.005815228491172838,-0.1659369164563455,-0.027930111129551127,0.0,0.00031910378191248305,0.00047348932989120605,0.3999999999999997,-0.0032744882696431935,-0.1658619206653769
2024-06-30,0.012435765829489385,-0.01399883255935164,0.02643459838884103,1.9999999999999993,-5.551115123125783e-17,-8.326672684688674e-17,-1.3877787807814457e-16,0.05000000000000001,0.19412535686882434,False,1.0,116,116,232,2024-06-30,5.24,0.004366666666666667,2024-06-30,0.034669759034089864,0.0077,0.00910243249615605,-0.2534842258181542,-0.015841677621660444,0.0,0.00034714042815724014,0.00047473090817540557,0.3999999999999999,0.011613894493156739,-0.25343908520380715
2024-07-31,0.016772826857955885,0.058897078055461655,-0.04212425119750577,1.9999999999999993,-8.326672684688674e-17,8.326672684688674e-17,-1.1102230246251565e-16,0.05000000000000003,0.20119898997808872,False,1.0,117,115,232,2024-07-31,5.2,0.004333333333333334,2024-07-31,0.011321349038912354,0.007666666666666667,0.01343949352462255,-0.2651090161094384,0.0,0.0,0.0003370505980584089,0.00048047988401475145,0.3999999999999998,0.01595529637588272,-0.26506793899095
2024-08-31,0.029151149144226264,0.0016758621278656688,0.027475287016360598,1.9999999999999996,-2.7755575615628914e-17,5.551115123125783e-17,1.3877787807814457e-16,0.05000000000000001,0.2047082414545808,False,1.0,115,113,228,2024-08-31,5.05,0.004208333333333333,2024-08-31,0.022834688445031892,0.007541666666666667,0.02581781581089293,-0.20879646025002607,0.0,0.0,0.0003467518334866432,0.0004903687089770494,0.3999999999999999,0.028314028601762572,-0.20875848271226632
2024-09-30,-0.007657813920765316,0.020119860147614244,-0.02777767406837956,1.9999999999999987,0.0,1.1102230246251565e-16,-5.551115123125783e-17,0.05000000000000002,0.2059271582321947,False,1.0,115,115,230,2024-09-30,4.72,0.003933333333333333,2024-09-30,0.020196869910062976,0.007266666666666666,-0.01099114725409865,-0.10155966316131892,-0.007657813920765366,0.0,0.00034818267179620855,0.0004932472639460469,0.3999999999999998,-0.00849924385650757,-0.10153319038508365
2024-10-31,-0.022237648674109375,-0.02486388109675097,0.002626232422641601,1.9999999999999993,-5.551115123125783e-17,5.551115123125783e-17,-5.551115123125783e-17,0.05000000000000002,0.24317448975851894,False,1.0,113,116,229,2024-10-31,4.51,0.0037583333333333336,2024-10-31,-0.009896780552817508,0.007091666666666667,-0.02557098200744271,0.011312237530726507,-0.029725170819293156,-0.009896780552817508,0.00031881261049713247,0.00048148090508263016,0.3999999999999998,-0.023037942189689138,0.011246344277181415
2024-11-30,-0.031624141892906334,0.08258007512345644,-0.11420421701636276,1.9999999999999993,-1.1102230246251565e-16,-2.220446049250313e-16,-3.3306690738754696e-16,0.05000000000000003,0.2193754862114041,False,1.0,116,114,230,2024-11-30,4.42,0.003683333333333333,2024-11-30,0.057301352215863854,0.007016666666666667,-0.03495747522623967,0.020024360153329607,-0.06040927969241916,0.0,0.0003277815120236963,0.00048456093732428984,0.4,-0.03243648434225432,0.02006264551748606
2024-12-31,0.018868435347418992,-0.06568231990067465,0.08455075524809366,1.9999999999999987,0.0,-1.6653345369377348e-16,-5.551115123125783e-17,0.05000000000000001,0.2344861477933279,False,1.0,114,112,226,2024-12-31,4.27,0.003558333333333333,2024-12-31,-0.024990136563014964,0.006891666666666667,0.015535102014085658,0.037009077126691194,-0.04268067293326083,-0.024990136563014964,0.00032751855723105037,0.0004677430045070153,0.40000000000000024,0.018073173785680925,0.03698790863258389
2025-01-31,-0.012721705278872565,0.04073762842938646,-0.053459333708259026,1.9999999999999998,-2.7755575615628914e-17,1.3877787807814457e-16,0.0,0.05000000000000003,0.24528109819935587,False,1.0,120,119,239,2025-01-31,4.21,0.0035083333333333334,2025-01-31,0.027016320305765618,0.006841666666666667,-0.016055038612205898,0.030625164354450448,-0.054859407269972515,0.0,0.0003132824345858777,0.0004914066172219773,0.4,-0.013526394330680421,0.030609501086439426
2025-02-28,0.0004283853889541986,-0.03905669569824242,0.03948508108719662,1.9999999999999991,-5.551115123125783e-17,3.885780586188048e-16,1.1102230246251565e-16,0.05,0.23586112896245764,False,1.0,115,117,232,2025-02-28,4.22,0.003516666666666666,2025-02-28,-0.014242127760312417,0.00685,-0.002904947944379135,-0.05747228110265277,-0.054454522849539444,-0.014242127760312306,0.0003290771079182734,0.0004897143471699138,0.40000000000000013,-0.00039040606613398863,-0.057527304333034934
2025-03-31,0.024068453645142866,-0.045306009391760264,0.06937446303690314,1.9999999999999993,2.7755575615628914e-17,2.220446049250313e-16,5.551115123125783e-17,0.05000000000000001,0.23413675992315097,False,1.0,117,122,239,2025-03-31,4.2,0.0035,2025-03-31,-0.05754471408178685,0.006833333333333334,0.020735120311809532,-0.15552758463551578,-0.031696705363369215,-0.07096728267221575,0.00036114855647800717,0.0005115401855596849,0.3999999999999999,0.023195764903105175,-0.155298756837597
2025-04-30,-0.027214875744505273,-0.03264090408065375,0.005426028336148483,1.9999999999999996,5.551115123125783e-17,2.220446049250313e-16,1.1102230246251565e-16,0.05000000000000002,0.22259872988059762,False,1.0,119,120,239,2025-04-30,4.21,0.0035083333333333334,2025-04-30,-0.007624936518260461,0.006841666666666667,-0.030548209077838607,-0.21989412819561158,-0.058048959209900164,-0.07805109816522704,0.000341773705142876,0.0005057801374061956,0.39999999999999997,-0.028062429587054342,-0.21956290751640445
2025-05-31,-0.0029238218756097306,0.04321741807583527,-0.046141239951444986,1.9999999999999993,-2.7755575615628914e-17,-4.163336342344337e-16,0.0,0.05000000000000001,0.23444756836987266,False,1.0,119,122,241,2025-05-31,4.25,0.003541666666666667,2025-05-31,0.06152384783069298,0.006875000000000001,-0.006257155208943065,-0.20237641851726157,-0.06080305626871563,-0.021329254221070015,0.0003514169895414306,0.0004949958861505051,0.3999999999999999,-0.0037702347513016666,-0.20225897550154984
2025-06-30,-0.05144546848843566,0.025337801987936205,-0.07678327047637185,1.9999999999999996,5.551115123125783e-17,-1.6653345369377348e-16,1.6653345369377348e-16,0.05000000000000002,0.2308899885626836,False,1.0,120,114,234,2025-06-30,4.23,0.0035250000000000004,2025-06-30,0.04960679602617879,0.006858333333333334,-0.054778801821768995,-0.34899972071116486,-0.10912048304187849,0.0,0.0003357529313066972,0.0004932254162099883,0.4,-0.05227444683595235,-0.34890499183538215
2025-07-31,-0.03928924707920907,0.00785854466894688,-0.04714779174815595,1.9999999999999991,1.6653345369377348e-16,-2.7755575615628914e-16,2.220446049250313e-16,0.05000000000000003,0.21631916746033852,False,1.0,117,110,227,2025-07-31,4.25,0.003541666666666667,2025-07-31,0.021666572655702376,0.006875000000000001,-0.0426225804125424,-0.36706382142482874,-0.1441224685014525,0.0,0.00033854230463054675,0.0004964386243625248,0.3999999999999998,-0.04012422800820214,-0.3669742347524899
2025-08-31,0.016588289495250392,0.05396357588012364,-0.03737528638487326,1.9999999999999996,-8.326672684688674e-17,-1.1102230246251565e-16,8.326672684688674e-17,0.05000000000000001,0.19937797726503423,False,1.0,116,113,229,2025-08-31,4.12,0.0034333333333333334,2025-08-31,0.01906650324400294,0.006766666666666667,0.013254956161917058,-0.38335768435228335,-0.12992492423647428,0.0,0.000321147895826858,0.0004748536214653305,0.3999999999999999,0.015792287977958203,-0.38324439487692064
2025-09-30,-0.014341984044879269,0.026221999827451978,-0.04056398387233125,1.9999999999999987,0.0,-1.6653345369377348e-16,-1.6653345369377348e-16,0.05000000000000002,0.20629861103053135,False,1.0,114,112,226,2025-09-30,3.92,0.0032666666666666664,2025-09-30,0.03532365570425955,0.0066,-0.017675317378212603,-0.37709827968088805,-0.14240352709092197,0.0,0.0003621164174259704,0.00046975311105262754,0.3999999999999999,-0.015173853573357866,-0.37699183707420864
2025-10-31,-0.06389423701729643,-0.016940228699430356,-0.04695400831786607,1.9999999999999991,0.0,1.1102230246251565e-16,1.1102230246251565e-16,0.05000000000000002,0.2246454298081908,False,1.0,116,112,228,2025-10-31,3.82,0.003183333333333333,2025-10-31,0.022686836730727133,0.006516666666666667,-0.06722757035062976,-0.43723330727472254,-0.19719899939617203,0.0,0.00033675804944586986,0.00044768110603822406,0.3999999999999999,-0.06467867617278053,-0.4370584210443239
2025-11-30,0.018870063432000744,0.01676235160086279,0.0021077118311379544,1.999999999999999,-1.1102230246251565e-16,0.0,0.0,0.050000000000000024,0.22357777835010284,False,1.0,119,114,233,2025-11-30,3.78,0.00315,2025-11-30,0.001299669600304032,0.006483333333333334,0.01553673009866741,-0.4654074074368413,-0.18205009359150404,0.0,0.0003258398730407633,0.0004425972188600634,0.4,0.018101626340099916,-0.4652890035581014
2025-12-31,0.016322513593522603,0.0013678774734946608,0.014954636120027943,1.9999999999999987,-5.551115123125783e-17,1.6653345369377348e-16,-5.551115123125783e-17,0.05,0.24535900774536426,False,1.0,119,115,234,2025-12-31,3.59,0.0029916666666666668,2025-12-31,-0.0005241572238063874,0.006325000000000001,0.012989180260189269,-0.44675258251326366,-0.16869909512533088,-0.0005241572238063874,0.0003256736419403798,0.0004512894681258233,0.3999999999999999,0.015545550483456398,-0.4465887486524411
2026-01-31,0.009567432301133657,0.04066580978379159,-0.031098377482657945,1.999999999999999,0.0,5.551115123125783e-17,-5.551115123125783e-17,0.05,0.26107647210591745,False,1.0,117,117,234,2026-01-31,3.57,0.0029749999999999998,2026-01-31,0.013662990285588927,0.006308333333333333,0.006234098967800323,-0.4493175461519802,-0.16074567999607137,0.0,0.0003274844720631173,0.00045744923398833496,0.4000000000000001,0.008782498595082205,-0.44916243245918125
2026-02-28,0.0031828847741817287,0.005730219320900738,-0.0025473345467190113,1.999999999999999,5.551115123125783e-17,4.440892098500626e-16,-5.551115123125783e-17,0.05000000000000001,0.25585204711624465,False,1.0,117,116,233,2026-02-28,3.6,0.0030000000000000005,2026-02-28,-0.008668358545790955,0.006333333333333334,-0.00015044855915160487,-0.4613636411075515,-0.1580744301992646,-0.008668358545790955,0.0003176918913358908,0.00045209926311651644,0.3999999999999998,0.0024130936197293215,-0.46130291509892096
2026-03-31,0.011294089356133751,-0.05588122411323069,0.06717531346936444,1.9999999999999987,1.1102230246251565e-16,3.3306690738754696e-16,1.1102230246251565e-16,0.05000000000000002,0.25686984027823156,False,1.0,116,116,232,2026-03-31,3.61,0.0030083333333333333,2026-03-31,-0.0509327099760426,0.006341666666666667,0.007960756022800417,-0.39769022016726496,-0.14856564758272128,-0.059159565530052305,0.0003465606781261599,0.00046135484062319895,0.4,0.010486173837384392,-0.398098392602319
2026-04-30,-0.013419813530993852,0.0661189030602219,-0.07953871659121575,1.9999999999999996,0.0,4.440892098500626e-16,1.1102230246251565e-16,0.05000000000000002,0.268387859757156,False,1.0,120,117,237,2026-04-30,3.61,0.0030083333333333333,2026-04-30,0.10423342503354505,0.006341666666666667,-0.016753146864327186,-0.27885962835019956,-0.1599917378260436,0.0,0.00035182892312228184,0.0004807711948190849,0.39999999999999986,-0.014252413648935218,-0.27930318914067814
2026-05-31,-0.0451650254394208,0.0020696981258369156,-0.047234723565257715,1.9999999999999996,-1.6653345369377348e-16,-5.551115123125783e-17,-6.661338147750939e-16,0.049999999999999996,0.2518778494552836,False,1.0,118,116,234,2026-05-31,3.6,0.0030000000000000005,2026-05-31,0.05147031284462078,0.006333333333333334,-0.04849835877275414,-0.37446354264867676,-0.19793073235645398,0.0,0.00034807100051493297,0.00046821194640290055,0.4,-0.04598130838633864,-0.37484343773517126
2026-06-30,0.03626347687521581,0.03797318593322863,-0.0017097090580128183,1.9999999999999993,-1.1102230246251565e-16,-5.551115123125783e-16,3.3306690738754696e-16,0.05000000000000002,0.24649731287755938,False,1.0,118,117,235,2026-06-30,3.66,0.00305,2026-06-30,-0.010646353722793878,0.006383333333333334,0.03293014354188248,-0.3789926982486539,-0.16884491201694085,-0.010646353722793878,0.0003403992853038586,0.00046352187093402384,0.4,0.03545955571897793,-0.37931716408809407
2026-07-31,0.07715898850682681,0.002705754634158378,0.07445323387266843,1.9999999999999991,0.0,5.551115123125783e-17,2.7755575615628914e-16,0.05000000000000002,0.2800019724050196,False,1.0,120,116,236,2026-07-31,3.73,0.003108333333333333,2026-07-31,-0.001285443024471311,0.006441666666666667,0.07382565517349349,-0.4410748201433042,-0.10471382613586533,-0.011918111466136194,0.00033546004977730683,0.0004708132804890514,0.39999999999999986,0.07635271517656046,-0.4413745222163976
2026-08-31,-0.03376448308752665,0.008422542952589197,-0.04218702604011585,1.9999999999999991,5.551115123125783e-17,1.6653345369377348e-16,-1.1102230246251565e-16,0.05000000000000002,0.2921387758969719,False,1.0,121,119,240,2026-08-31,3.72,0.0031000000000000003,2026-08-31,0.0262252794496991,0.006433333333333334,-0.037097816420859984,-0.46650082934369846,-0.1349427010117974,0.0,0.0003503686073898068,0.0004941047917938768,0.4,-0.034608956486710335,-0.46683027850939485
