target_month,port_excess_ret,long_leg_ret,short_leg_ret,gross_exposure,net_exposure,beta_exposure,betabab_exposure,max_abs_sector_net,max_sector_gross_share,turnover_cap_relaxed,turnover_relax_mult,n_long,n_short,n_positions,month,tb3ms_annual_pct,rf_monthly,month_sp,sp500_ret,benchmark_monthly,active_ret,rolling_beta_12m,drawdown,sp500_drawdown,trade_cost,borrow_cost,traded_notional,net_port_excess_ret,net_rolling_beta_12m
2021-01-31,0.009354920525461365,0.03624528686998782,-0.026890366344526465,1.9999999999999982,0.0,2.220446049250313e-16,-1.6653345369377348e-16,0.05,0.22500000000000003,False,1.0,101,101,202,2021-01-31,0.08,6.666666666666667e-05,2021-01-31,-0.011136640158463607,0.0034000000000000002,0.006021587192128031,,0.0,-0.011136640158463607,0.001655788858604661,0.00048624999999999976,1.9999999999999987,0.0072128816668567035,
2021-02-28,-0.05702364761532132,0.05187010102682037,-0.10889374864214169,1.9999999999999987,0.0,-2.7755575615628914e-16,-1.3877787807814457e-16,0.05000000000000001,0.232111345809503,False,1.0,104,106,210,2021-02-28,0.04,3.3333333333333335e-05,2021-02-28,0.026091474971999817,0.0033666666666666667,-0.06035698094865465,,-0.057023647615321305,0.0,0.0003445040245307568,0.0004843756838708025,0.4000000000000001,-0.057852527323722876,
2021-03-31,0.08794681005372312,0.06673287709153836,0.021213932962184767,1.9999999999999987,0.0,-2.220446049250313e-16,2.220446049250313e-16,0.05000000000000001,0.24090923847117807,False,1.0,106,107,213,2021-03-31,0.03,2.4999999999999998e-05,2021-03-31,0.04243863400810777,0.0033583333333333334,0.0846134767203898,,0.0,0.0,0.00034863604514831644,0.000474303150150685,0.3999999999999999,0.08712387085842413,
2021-04-30,0.03386489773724566,0.042840624617091635,-0.008975726879845986,1.999999999999999,5.551115123125783e-17,1.6653345369377348e-16,-1.6653345369377348e-16,0.05,0.23836287242524035,False,1.0,106,110,216,2021-04-30,0.02,1.6666666666666667e-05,2021-04-30,0.05242531255584737,0.00335,0.030531564403912324,,0.0,0.0,0.00035523114906462405,0.00047705883979877646,0.4000000000000001,0.03303260774838226,
2021-05-31,0.056609346849246595,0.022880218768857766,0.03372912808038883,1.999999999999999,2.220446049250313e-16,1.1102230246251565e-16,-2.7755575615628914e-16,0.05000000000000001,0.2294946656681978,False,1.0,107,112,219,2021-05-31,0.02,1.6666666666666667e-05,2021-05-31,0.005486502581813157,0.00335,0.05327601351591326,,0.0,0.0,0.0003344789014368395,0.0004755206322735319,0.3999999999999999,0.05579934731553622,
2021-06-30,-0.07041968927674067,-0.005951968062557223,-0.06446772121418344,1.9999999999999991,1.1102230246251565e-16,-5.551115123125783e-17,-5.551115123125783e-17,0.05000000000000002,0.2387368052143562,False,1.0,107,113,220,2021-06-30,0.04,3.3333333333333335e-05,2021-06-30,0.02221397632316946,0.0033666666666666667,-0.07375302261007399,,-0.0704196892767407,0.0,0.00035136900460866065,0.0004721877359352431,0.40000000000000013,-0.07124324601728457,
2021-07-31,0.07166097808878477,0.023509964530451635,0.04815101355833315,1.9999999999999993,-1.1102230246251565e-16,-2.7755575615628914e-16,0.0,0.050000000000000024,0.2299584826442109,False,1.0,109,110,219,2021-07-31,0.05,4.1666666666666665e-05,2021-07-31,0.02274810936591054,0.0033750000000000004,0.06832764475545144,,-0.0038050549982355797,0.0,0.0003417105230472799,0.0004674945781402504,0.40000000000000013,0.07085177298759723,
2021-08-31,0.029801158220112943,0.023118322116254336,0.006682836103858613,1.9999999999999987,-5.551115123125783e-17,2.220446049250313e-16,0.0,0.05000000000000001,0.22399441094704262,False,1.0,107,114,221,2021-08-31,0.05,4.1666666666666665e-05,2021-08-31,0.028990321391681118,0.0033750000000000004,0.02646782488677961,,0.0,0.0,0.00033629274430638353,0.00046901240070696787,0.3999999999999999,0.02899585307509959,
2021-09-30,-0.007899705170966581,-0.04670997358926368,0.0388102684182971,1.9999999999999991,1.1102230246251565e-16,-3.3306690738754696e-16,2.7755575615628914e-16,0.05000000000000002,0.22415805472917166,False,1.0,109,113,222,2021-09-30,0.04,3.3333333333333335e-05,2021-09-30,-0.047569140421166334,0.0033666666666666667,-0.011233038504299915,,-0.007899705170966609,-0.047569140421166445,0.0003294596678425662,0.000478022244057238,0.4000000000000002,-0.008707187082866386,
2021-10-31,-0.007235133579280347,0.040829676409109235,-0.04806480998838959,1.9999999999999991,-1.1102230246251565e-16,-2.220446049250313e-16,0.0,0.05000000000000002,0.22428122645962154,False,1.0,114,114,228,2021-10-31,0.05,4.1666666666666665e-05,2021-10-31,0.06914387330123462,0.0033750000000000004,-0.010568466912613681,,-0.015077683328098002,0.0,0.00031862347253865987,0.00048085243971439416,0.39999999999999997,-0.0080346094915334,
2021-11-30,0.06574735020933323,-0.007854660133022936,0.07360201034235615,1.9999999999999991,1.1102230246251565e-16,2.220446049250313e-16,0.0,0.05000000000000001,0.23667328229660964,False,1.0,113,115,228,2021-11-30,0.05,4.1666666666666665e-05,2021-11-30,-0.00833373141847149,0.0033750000000000004,0.06241401687599989,,0.0,-0.00833373141847149,0.0003605767930528206,0.0004672838472641415,0.4000000000000001,0.06491948956901626,
2021-12-31,0.07236289977957083,0.05776961403861403,0.014593285740956793,1.9999999999999991,-5.551115123125783e-17,-3.3306690738754696e-16,5.551115123125783e-17,0.05000000000000001,0.22829454121701354,False,1.0,113,118,231,2021-12-31,0.06,4.9999999999999996e-05,2021-12-31,0.04361287497262989,0.0033833333333333337,0.0690295664462375,0.1606033291652986,0.0,0.0,0.0003471461674863268,0.0004917923765827549,0.3999999999999998,0.07152396123550175,0.1642889593447981
2022-01-31,0.054307924128279964,-0.07904222625155463,0.13335015037983464,1.999999999999999,5.551115123125783e-17,3.3306690738754696e-16,5.551115123125783e-16,0.05,0.231933640286871,False,1.0,113,116,229,2022-01-31,0.15,0.000125,2022-01-31,-0.05258508910699977,0.0034583333333333337,0.05097459079494663,-0.047879374223771184,0.0,-0.05258508910699977,0.000329004741471968,0.0004848400711888211,0.4,0.05349407931561918,-0.04794160039515307
2022-02-28,0.0137463612392018,0.01426719327101803,-0.0005208320318162317,1.9999999999999991,5.551115123125783e-17,-2.7755575615628914e-16,-3.3306690738754696e-16,0.05,0.23398791097169408,False,1.0,119,121,240,2022-02-28,0.33,0.000275,2022-02-28,-0.03136052086678265,0.0036083333333333336,0.010413027905868465,0.05938023042159286,0.0,-0.08229651418956074,0.0003292815446727079,0.0004847288115864698,0.39999999999999997,0.01293235088294262,0.05932274326096007
2022-03-31,-0.009252123932175072,0.003724617836346862,-0.012976741768521932,1.9999999999999991,-5.551115123125783e-17,5.551115123125783e-17,-1.1102230246251565e-16,0.05,0.22322729857779045,False,1.0,123,119,242,2022-03-31,0.44,0.00036666666666666667,2022-03-31,0.03577323877328009,0.0037,-0.012585457265508406,-0.09738529882689302,-0.009252123932175227,-0.04946728826859237,0.0003399688755414805,0.00047323478627332363,0.39999999999999986,-0.010065327593989877,-0.09742806486796521
2022-04-30,0.08419579913482672,-0.06091098582268277,0.1451067849575095,1.9999999999999991,1.1102230246251565e-16,-3.885780586188048e-16,-7.216449660063518e-16,0.05000000000000001,0.22680270219868298,False,1.0,120,115,235,2022-04-30,0.76,0.0006333333333333333,2022-04-30,-0.08795671914903935,0.003966666666666667,0.0808624658014934,-0.30815361671102404,0.0,-0.13307302703632662,0.0003340865849715978,0.00047238120516148135,0.3999999999999998,0.08338933134469365,-0.3081853251025333
2022-05-31,0.10366258997528628,0.03756355808658557,0.06609903188870071,1.9975025140994302,-5.551115123125783e-17,-1.1102230246251565e-16,-5.551115123125783e-17,0.05000000000000004,0.21948448557201536,False,1.0,125,116,241,2022-05-31,0.98,0.0008166666666666666,2022-05-31,5.324388360872234e-05,0.00415,0.10032925664195295,-0.3159560422144922,0.0,-0.1330268684774809,0.00032462542979386395,0.00046814002039059094,0.3999999999999999,0.10286982452510182,-0.3159889607979049
2022-06-30,-0.0311810704811227,-0.11590404211362514,0.08472297163250243,1.9999999999999991,0.0,2.220446049250313e-16,3.3306690738754696e-16,0.05,0.23104113275915666,False,1.0,122,118,240,2022-06-30,1.49,0.0012416666666666667,2022-06-30,-0.08391999322386645,0.004575,-0.03451440381445603,0.023133423301251798,-0.03118107048112262,-0.20578324780012514,0.00032902707473098504,0.000467292166994002,0.3999999999999998,-0.031977389722847686,0.02307655228339118
2022-07-31,0.006054286495051256,0.10933876778558085,-0.10328448129052961,1.999999999999999,-1.1102230246251565e-16,-2.7755575615628914e-16,-1.1102230246251565e-16,0.05000000000000001,0.2510626127675659,False,1.0,127,122,249,2022-07-31,2.23,0.0018583333333333334,2022-07-31,0.09111634763220589,0.005191666666666667,0.0027209531617179224,-0.08243575773824928,-0.025315563119986506,-0.1334171181113598,0.00032722006250074316,0.0004887903676419692,0.39999999999999997,0.005238276064908544,-0.08249473777665947
2022-08-31,-0.0552426438677114,-0.05103867918103821,-0.004203964686673193,1.999999999999999,1.1102230246251565e-16,1.1102230246251565e-16,5.551115123125783e-17,0.05000000000000001,0.25185943905007563,False,1.0,119,118,237,2022-08-31,2.63,0.002191666666666667,2022-08-31,-0.04244011921681046,0.005525,-0.05857597720104473,-0.0021039689211706843,-0.0791597083499499,-0.17019499892996082,0.00034294541970017424,0.0004727503608935677,0.3999999999999998,-0.05605833964830514,-0.002164342859888566
2022-09-30,0.023012523286668047,-0.09146904551797047,0.11448156880463853,1.9999999999999991,5.551115123125783e-17,1.1102230246251565e-16,-1.6653345369377348e-16,0.05000000000000001,0.23478805542073394,False,1.0,120,120,240,2022-09-30,3.13,0.0026083333333333336,2022-09-30,-0.09339570164348932,0.005941666666666667,0.019679189953334713,-0.02427114521585078,-0.057968849695050895,-0.24769521923217352,0.000343104963911553,0.0004828160256264112,0.4000000000000001,0.022186602297130084,-0.02429380054609011
2022-10-31,0.08934989001851878,0.13080392209498187,-0.04145403207646309,1.9999999999999991,1.1102230246251565e-16,-3.3306690738754696e-16,-2.220446049250313e-16,0.050000000000000024,0.21518031709632862,False,1.0,125,125,250,2022-10-31,3.72,0.0031000000000000003,2022-10-31,0.07986345457689326,0.006433333333333334,0.08601655668518546,0.16473535915349316,0.0,-0.18761356054534262,0.00034103102827986683,0.00048534742794901337,0.4,0.08852351156228991,0.16466168770291545
2022-11-30,0.03575236767601631,0.08308266372603515,-0.04733029605001884,1.9999999999999991,1.3877787807814457e-16,-4.718447854656915e-16,8.326672684688674e-17,0.050000000000000024,0.21449534431574682,False,1.0,117,122,239,2022-11-30,4.15,0.0034583333333333337,2022-11-30,0.053752860293699856,0.006791666666666667,0.03241903434268298,0.15304580964848533,0.0,-0.14394546576084022,0.000323690689798535,0.00048481970950518843,0.40000000000000013,0.03494385727671259,0.15298651223339507
2022-12-31,0.01038494288354005,-0.0650886049027845,0.07547354778632455,1.9999999999999996,1.1102230246251565e-16,-1.6653345369377348e-16,2.220446049250313e-16,0.05000000000000001,0.20282159096923819,False,1.0,115,119,234,2022-12-31,4.25,0.003541666666666667,2022-12-31,-0.058971449299161094,0.006875000000000001,0.007051609550206716,0.1248757178444899,0.0,-0.19442824232404177,0.0003114416509371336,0.0004719206418855347,0.4,0.009601580590717381,0.12481848101193943
2023-01-31,-0.027101405871111782,0.0915266472358927,-0.11862805310700446,1.999999999999999,-8.326672684688674e-17,-1.3877787807814457e-16,2.498001805406602e-16,0.05000000000000001,0.21008424477619964,False,1.0,115,120,235,2023-01-31,4.54,0.0037833333333333334,2023-01-31,0.06175283240005203,0.007116666666666667,-0.030434739204445116,0.07021130377413562,-0.02710140587111176,-0.144681904586063,0.0003289930237984378,0.00046493579557037757,0.39999999999999986,-0.027895334690480597,0.07017395086749756
2023-02-28,0.03320685953438541,-0.005557903672697811,0.03876476320708322,1.9999999999999991,8.326672684688674e-17,-1.1102230246251565e-16,2.7755575615628914e-17,0.05000000000000003,0.20619265872618428,False,1.0,110,116,226,2023-02-28,4.65,0.0038750000000000004,2023-02-28,-0.026112446646715304,0.007208333333333334,0.029873526201052075,0.061827673802296236,0.0,-0.16701635271852955,0.00033360399918677485,0.0004413232472768591,0.3999999999999999,0.03243193228792177,0.06177344445300179
2023-03-31,-0.016789048380747837,-0.015336769705423123,-0.0014522786753247182,1.9999999999999991,8.326672684688674e-17,-2.7755575615628914e-17,3.0531133177191805e-16,0.05000000000000001,0.21277558215476405,False,1.0,114,119,233,2023-03-31,4.69,0.003908333333333334,2023-03-31,0.03505157235872702,0.007241666666666667,-0.02012238171408117,0.05899907792335,-0.016789048380747795,-0.1378189661322068,0.0003352825687771985,0.0004496367587879181,0.4,-0.017573967708312953,0.05896721356128032
2023-04-30,0.013780475146513418,-0.010579766084439621,0.024360241230953043,1.999999999999999,8.326672684688674e-17,6.938893903907228e-16,-8.326672684688674e-17,0.05,0.20555632188339054,False,1.0,111,118,229,2023-04-30,4.92,0.0041,2023-04-30,0.01464236088297044,0.0074333333333333335,0.010447141813180084,0.1923839266438837,-0.003239934298178926,-0.1251946002878619,0.0003276617320300563,0.00045230311251765663,0.4,0.013000510301965706,0.19234377354964957
2023-05-31,0.003819295291058877,-0.006886018906734562,0.010705314197793442,1.9999999999999991,-2.7755575615628914e-17,-2.7755575615628914e-16,-2.220446049250313e-16,0.05000000000000001,0.20752182009242057,False,1.0,111,117,228,2023-05-31,5.14,0.004283333333333333,2023-05-31,0.002482323934879238,0.007616666666666666,0.00048596195772554343,0.19359725372376826,0.0,-0.12302304990579493,0.0003435598026263206,0.00046060741128702465,0.40000000000000013,0.003015128077145532,0.1935573115083259
2023-06-30,0.04526658826078521,0.11419001961367939,-0.06892343135289421,1.9999999999999987,5.551115123125783e-17,-1.6653345369377348e-16,1.1102230246251565e-16,0.05000000000000001,0.2227586562956061,False,1.0,117,118,235,2023-06-30,5.16,0.0043,2023-06-30,0.0647275128414313,0.007633333333333334,0.041933254927451875,0.1721368801735921,0.0,-0.06625851310693298,0.00034076768883324344,0.0004604693414247612,0.39999999999999997,0.0444653512305272,0.1721023172178139
2023-07-31,0.019281053714299445,0.04968915797306739,-0.030408104258767936,1.999999999999999,1.1102230246251565e-16,1.1102230246251565e-16,2.498001805406602e-16,0.05000000000000001,0.2109244654212309,False,1.0,114,115,229,2023-07-31,5.25,0.0043749999999999995,2023-07-31,0.031138913980379268,0.007708333333333333,0.01594772038096611,0.22652402370064534,0.0,-0.0371828172666584,0.00033654112091834217,0.0004704306475696047,0.3999999999999998,0.018474081945811502,0.22651676891359288
2023-08-31,0.03661241131998212,-0.03291575512202681,0.06952816644200893,1.999999999999999,-1.3877787807814457e-16,-3.608224830031759e-16,5.551115123125783e-17,0.05,0.20241077360448972,False,1.0,111,117,228,2023-08-31,5.3,0.004416666666666667,2023-08-31,-0.01771643248143373,0.00775,0.03327907798664879,0.09822306166419947,0.0,-0.05424050287651794,0.00033567763644923245,0.00046544632418702255,0.3999999999999998,0.03581128735934586,0.09818987668510347
2023-09-30,0.032786079336939736,-0.05975570649041752,0.09254178582735724,1.9999999999999991,5.551115123125783e-17,-9.71445146547012e-17,-1.3877787807814457e-17,0.05,0.210275015159329,False,1.0,116,121,237,2023-09-30,5.32,0.004433333333333333,2023-09-30,-0.04871929116215501,0.0077666666666666665,0.029452746003606402,0.1029292585667285,0.0,-0.10031723518625024,0.00036595721038916885,0.00047703949900985786,0.4000000000000001,0.031943082627540705,0.10288465729412073
2023-10-31,0.01357221623024966,-0.07515132695495402,0.08872354318520367,1.9999999999999996,-6.938893903907228e-17,-8.326672684688674e-17,2.7755575615628914e-17,0.05000000000000001,0.20179764600545724,False,1.0,118,123,241,2023-10-31,5.34,0.00445,2023-10-31,-0.021979687736850106,0.007783333333333333,0.010238882896916325,-0.107385202877597,0.0,-0.1200919814190824,0.00034904211309661187,0.00047773285879703926,0.3999999999999999,0.01274544125835601,-0.10730492164260885
2023-11-30,-0.011501475138411169,0.09242232283507432,-0.10392379797348551,1.9999999999999991,2.220446049250313e-16,2.7755575615628914e-16,-2.7755575615628914e-17,0.05,0.20607965132558648,False,1.0,123,126,249,2023-11-30,5.27,0.004391666666666666,2023-11-30,0.08917926462873771,0.007724999999999999,-0.014834808471744503,-0.2136780710698121,-0.011501475138411266,-0.04162243138110644,0.00032748594626019105,0.0004849909946352896,0.3999999999999999,-0.01231395207930665,-0.21363584387689757
2023-12-31,-0.04024925597323221,0.09842894722660742,-0.13867820319983962,1.9999999999999991,5.551115123125783e-17,-2.220446049250313e-16,-1.3877787807814457e-16,0.050000000000000024,0.22344094775173037,False,1.0,116,119,235,2023-12-31,5.24,0.004366666666666667,2023-12-31,0.04422916940321375,0.0077,-0.04358258930656554,-0.3380289537809008,-0.05128780529472776,0.0,0.00033685997837576767,0.00047885658996163434,0.4000000000000002,-0.041064972541569614,-0.3379266963007519
2024-01-31,0.026756692864696723,-0.017108498597644677,0.04386519146234139,1.999999999999999,8.326672684688674e-17,5.551115123125783e-17,9.71445146547012e-16,0.05,0.22780091218683932,False,1.0,114,115,229,2024-01-31,5.22,0.00435,2024-01-31,0.015895744712075555,0.007683333333333334,0.02342335953136339,-0.2819176990493072,-0.02590340448400641,0.0,0.00033519169428922045,0.0004900644370491538,0.3999999999999998,0.02593143673335835,-0.28183043644753586
2024-02-29,0.026447066612751726,0.06240666962381238,-0.035959603011060645,1.9999999999999987,5.551115123125783e-17,1.1102230246251565e-16,3.0531133177191805e-16,0.05000000000000001,0.2158805843219982,False,1.0,114,121,235,2024-02-29,5.24,0.004366666666666667,2024-02-29,0.05172061539731532,0.0077,0.023113733279418392,-0.21614816007853882,-0.0001414069351403091,0.0,0.0003344327054900323,0.0004865507737064,0.39999999999999997,0.025626083133555293,-0.2159945011959492
2024-03-31,0.005311771632113019,0.04842195351081807,-0.04311018187870506,1.9999999999999993,3.3306690738754696e-16,4.440892098500626e-16,-2.498001805406602e-16,0.05,0.22201167498256724,False,1.0,115,118,233,2024-03-31,5.24,0.004366666666666667,2024-03-31,0.031018764704381807,0.0077,0.0019784382987796854,-0.19710869589187144,0.0,0.0,0.00033613548037890353,0.00047165170923300123,0.3999999999999998,0.004503984442501114,-0.19697384423071468
2024-04-30,-0.011270497260043182,-0.0670011241705661,0.055730626910522926,1.9999999999999987,1.6653345369377348e-16,-2.7755575615628914e-16,-4.440892098500626e-16,0.05000000000000002,0.19654580798868126,False,1.0,116,114,230,2024-04-30,5.24,0.004366666666666667,2024-04-30,-0.04161504277408257,0.0077,-0.014603830593376516,-0.08935523838095516,-0.011270497260043255,-0.04161504277408257,0.0003251154213722268,0.00046965218097725774,0.40000000000000013,-0.012065264862392667,-0.08929090434489409
2024-05-31,-0.010912488991985474,0.05036288015721167,-0.061275369149197165,1.9999999999999991,5.551115123125783e-17,-5.551115123125783e-17,1.6653345369377348e-16,0.05000000000000002,0.1908392126535413,False,1.0,119,117,236,2024-05-31,5.25,0.0043749999999999995,2024-05-31,0.04802122449952262,0.007708333333333333,-0.014245822325318808,-0.12404592214985062,-0.022059997074744153,0.0,0.00029987864636380054,0.0004710906856726146,0.3999999999999998,-0.01168345832402189,-0.12392047886184754
2024-06-30,0.01641012358765283,-0.01198044038074666,0.028390563968399493,1.9999999999999991,-5.551115123125783e-17,-5.551115123125783e-17,-4.996003610813204e-16,0.05,0.20304019642332222,False,1.0,118,116,234,2024-06-30,5.24,0.004366666666666667,2024-06-30,0.034669759034089864,0.0077,0.013076790254319497,-0.21424970079507266,-0.006011880765431132,0.0,0.00032858601163555825,0.0004709985622049818,0.39999999999999986,0.01561053901381229,-0.21412547593975334
2024-07-31,0.024393195205053474,0.06745227419335413,-0.04305907898830065,1.9999999999999984,-2.7755575615628914e-17,1.3877787807814457e-16,-2.220446049250313e-16,0.05000000000000001,0.19969124015160047,False,1.0,118,115,233,2024-07-31,5.2,0.004333333333333334,2024-07-31,0.011321349038912354,0.007666666666666667,0.02105986187172014,-0.2284156910567795,0.0,0.0,0.00033844105273753654,0.0004732427136295476,0.39999999999999963,0.023581511438686392,-0.2282927856142913
2024-08-31,0.005878145819686799,-0.002649303598916706,0.008527449418603509,1.9999999999999991,2.220446049250313e-16,-3.608224830031759e-16,3.885780586188048e-16,0.05000000000000002,0.2047222777158423,False,1.0,113,114,227,2024-08-31,5.05,0.004208333333333333,2024-08-31,0.022834688445031892,0.007541666666666667,0.0025448124863534653,-0.18724345369473253,0.0,0.0,0.00034245202108194775,0.00048264029601793374,0.4,0.0050530535025869175,-0.1870941711052079
2024-09-30,0.003261721265307147,0.028049022505469454,-0.024787301240162304,1.9999999999999993,-5.551115123125783e-17,-1.1102230246251565e-16,-1.1102230246251565e-16,0.05000000000000002,0.22701997960286682,False,1.0,116,114,230,2024-09-30,4.72,0.003933333333333333,2024-09-30,0.020196869910062976,0.007266666666666666,-7.161206802618666e-05,-0.10779218379614049,0.0,0.0,0.00034501358200727763,0.0004860201279033944,0.3999999999999999,0.002430687555396475,-0.10775158957410304
2024-10-31,-0.006520371273950578,-0.026308859215383475,0.0197884879414329,1.999999999999999,-1.1102230246251565e-16,-2.220446049250313e-16,-3.885780586188048e-16,0.05,0.20946356083406054,False,1.0,112,113,225,2024-10-31,4.51,0.0037583333333333336,2024-10-31,-0.009896780552817508,0.007091666666666667,-0.009853704607283912,-0.04577728478210482,-0.006520371273950443,-0.009896780552817508,0.00034469653571916366,0.00045575937003371507,0.3999999999999999,-0.007320827179703457,-0.04582967519986653
2024-11-30,-0.04956672089590147,0.07224362269040063,-0.1218103435863021,1.9999999999999991,-5.551115123125783e-17,-2.7755575615628914e-16,-2.7755575615628914e-16,0.05000000000000001,0.21165597387333035,False,1.0,115,115,230,2024-11-30,4.42,0.003683333333333333,2024-11-30,0.057301352215863854,0.007016666666666667,-0.05290005422923481,-0.1605752654690504,-0.05576389874677834,0.0,0.000354860810904788,0.0004713971776119621,0.3999999999999999,-0.050392978884418224,-0.16068937869046523
2024-12-31,-0.008382285323271392,-0.08270894939983493,0.07432666407656353,1.9999999999999987,-5.551115123125783e-17,-1.6653345369377348e-16,-5.551115123125783e-17,0.05,0.21890051064195717,False,1.0,112,113,225,2024-12-31,4.27,0.003558333333333333,2024-12-31,-0.024990136563014964,0.006891666666666667,-0.011715618656604726,-0.005601906605544988,-0.0636787551600162,-0.024990136563014964,0.00032877948693096936,0.00044237890861011244,0.40000000000000013,-0.009153443718812474,-0.005850946222477477
2025-01-31,-0.030357021833009642,0.04121395335043578,-0.0715709751834454,1.9999999999999996,-8.326672684688674e-17,-2.498001805406602e-16,5.551115123125783e-17,0.05000000000000001,0.2056612138414083,False,1.0,116,118,234,2025-01-31,4.21,0.0035083333333333334,2025-01-31,0.027016320305765618,0.006841666666666667,-0.03369035516634297,-0.024310893145860515,-0.09210267963233432,0.0,0.00034732040807025985,0.00045719091047284757,0.4,-0.031161533151552748,-0.024561881844175373
2025-02-28,-0.014933730995144646,-0.04991056697305789,0.034976835977913234,1.9999999999999991,-2.7755575615628914e-17,4.440892098500626e-16,4.996003610813204e-16,0.05,0.21203607109071013,False,1.0,114,114,228,2025-02-28,4.22,0.003516666666666666,2025-02-28,-0.014242127760312417,0.00685,-0.01826706432847798,-0.10400924083608715,-0.10566097398591767,-0.014242127760312306,0.0003275491391811,0.000447391243853593,0.3999999999999999,-0.01570867137817934,-0.10429247735180341
2025-03-31,0.02859200749756406,-0.03631804117933896,0.06491004867690302,1.9999999999999993,2.7755575615628914e-17,-1.6653345369377348e-16,-1.6653345369377348e-16,0.05000000000000002,0.20022086645418014,False,1.0,119,116,235,2025-03-31,4.2,0.0035,2025-03-31,-0.05754471408178685,0.006833333333333334,0.025258674164230725,-0.2523009686285136,-0.0800900258487588,-0.07096728267221575,0.0003498766540087099,0.0004586952971072894,0.4,0.02778343554644806,-0.2524598529272697
2025-04-30,-0.01817350811855517,-0.01740501325233266,-0.0007684948662225159,1.9999999999999996,2.7755575615628914e-16,2.7755575615628914e-17,-2.220446049250313e-16,0.05000000000000001,0.21287958586756056,False,1.0,120,118,238,2025-04-30,4.21,0.0035083333333333334,2025-04-30,-0.007624936518260461,0.006841666666666667,-0.021506841451888505,-0.31105793472713067,-0.09680801723233634,-0.07805109816522704,0.0003327934783925518,0.00045344188980838535,0.4,-0.01895974348675611,-0.31123864645324045
2025-05-31,0.01675437577698959,0.052098455175756675,-0.03534407939876708,1.9999999999999996,-2.7755575615628914e-17,2.7755575615628914e-16,-2.220446049250313e-16,0.05,0.2288525902095114,False,1.0,120,118,238,2025-05-31,4.25,0.003541666666666667,2025-05-31,0.06152384783069298,0.006875000000000001,0.013421042443656255,-0.17716973136846337,-0.08167559935428248,-0.021329254221070015,0.0003289466315234821,0.0004544248003314683,0.3999999999999998,0.015971004345134637,-0.1773488188617478
2025-06-30,-0.05034401669724201,0.03164405243556824,-0.08198806913281023,1.9999999999999991,5.551115123125783e-17,0.0,-3.608224830031759e-16,0.05,0.21705626249994073,False,1.0,116,115,231,2025-06-30,4.23,0.0035250000000000004,2025-06-30,0.04960679602617879,0.006858333333333334,-0.053677350030575346,-0.3261666699073012,-0.12790773831387514,0.0,0.0003220492751599606,0.00044840419199608636,0.3999999999999999,-0.05111447016439806,-0.3262507443438878
2025-07-31,-0.03221470806059897,0.011970594965340229,-0.0441853030259392,1.999999999999999,-5.551115123125783e-17,-2.7755575615628914e-16,2.220446049250313e-16,0.05,0.22751121801746993,False,1.0,109,112,221,2025-07-31,4.25,0.003541666666666667,2025-07-31,0.021666572655702376,0.006875000000000001,-0.035548041393932306,-0.3366122103312062,-0.1560019359260012,0.0,0.0002853196290830099,0.00045499880985243687,0.3999999999999999,-0.03295502649953442,-0.33665678178019043
2025-08-31,0.004040388728475253,0.04473819007302671,-0.04069780134455146,1.999999999999999,-5.551115123125783e-17,2.498001805406602e-16,-1.3877787807814457e-16,0.05,0.22829245781710328,False,1.0,110,112,222,2025-08-31,4.12,0.0034333333333333334,2025-08-31,0.01906650324400294,0.006766666666666667,0.0007070553951419195,-0.3428318401153494,-0.1525918556610617,0.0,0.0003154174329390002,0.0004439283161150432,0.4,0.0032810429794212096,-0.34283547778688517
2025-09-30,-0.009097437768958992,0.025370562022174668,-0.03446799979113367,1.999999999999999,2.7755575615628914e-17,-1.942890293094024e-16,-1.1102230246251565e-16,0.05000000000000001,0.214623866457512,False,1.0,110,112,222,2025-09-30,3.92,0.0032666666666666664,2025-09-30,0.03532365570425955,0.0066,-0.012430771102292326,-0.33278731010201423,-0.16030109851909413,0.0,0.00033925461927934795,0.00044292508081592165,0.3999999999999998,-0.009879617469054261,-0.3327620449530949
2025-10-31,-0.05074826674450431,-0.01793353088706598,-0.03281473585743834,1.9999999999999991,1.6653345369377348e-16,2.7755575615628914e-16,1.1102230246251565e-16,0.05000000000000001,0.22600058020670383,False,1.0,111,113,224,2025-10-31,3.82,0.003183333333333333,2025-10-31,0.022686836730727133,0.006516666666666667,-0.05408160007783765,-0.34988061764895845,-0.2029143623565144,0.0,0.0003343817333842392,0.00043231278400094665,0.39999999999999986,-0.051514961261889494,-0.3498760478105468
2025-11-30,0.006735646148803773,0.014249315777297334,-0.0075136696284935686,1.9999999999999996,-2.220446049250313e-16,1.1102230246251565e-16,-1.6653345369377348e-16,0.05000000000000002,0.23178388503120553,False,1.0,114,116,230,2025-11-30,3.78,0.00315,2025-11-30,0.001299669600304032,0.006483333333333334,0.0034023128154704392,-0.3007175817999654,-0.19754547555105417,0.0,0.00031302188504349343,0.0004363301679439667,0.39999999999999997,0.005986294095816313,-0.30056869782993567
2025-12-31,0.029461376794334963,0.0037837491621661888,0.02567762763216877,1.9999999999999987,0.0,1.1102230246251565e-16,1.1102230246251565e-16,0.05000000000000002,0.2348953150858466,False,1.0,114,118,232,2025-12-31,3.59,0.0029916666666666668,2025-12-31,-0.0005241572238063874,0.006325000000000001,0.02612804346100163,-0.36923847817580563,-0.17390406044594486,-0.0005241572238063874,0.0003230738646902325,0.00043946798834412537,0.39999999999999974,0.028698834941300606,-0.3690750920354074
2026-01-31,0.017221025407460688,0.04761266589441569,-0.030391640486955,1.999999999999999,0.0,-2.7755575615628914e-16,3.3306690738754696e-16,0.05000000000000001,0.2172609084552444,False,1.0,115,118,233,2026-01-31,3.57,0.0029749999999999998,2026-01-31,0.013662990285588927,0.006308333333333333,0.013887692074127354,-0.3434592397299274,-0.15967784128188434,0.0,0.0003373236222189028,0.0004476274847945972,0.3999999999999999,0.01643607430044719,-0.34325329043748926
2026-02-28,0.04355099228450093,0.02278339547770515,0.02076759680679578,1.9999999999999991,0.0,5.551115123125783e-17,-4.440892098500626e-16,0.05000000000000001,0.22040321510795952,False,1.0,114,117,231,2026-02-28,3.6,0.0030000000000000005,2026-02-28,-0.008668358545790955,0.006333333333333334,0.0402176589511676,-0.4737675938664502,-0.1230809774310564,-0.008668358545790955,0.0003089820478666262,0.0004406534771672772,0.3999999999999999,0.04280135675946703,-0.47360757565194306
2026-03-31,0.021642027864509635,-0.04877626965223037,0.07041829751673999,1.999999999999999,-1.1102230246251565e-16,2.7755575615628914e-16,2.220446049250313e-16,0.05000000000000001,0.2257612719971168,False,1.0,114,118,232,2026-03-31,3.61,0.0030083333333333333,2026-03-31,-0.0509327099760426,0.006341666666666667,0.0183086945311763,-0.4525760602861985,-0.10410267150970087,-0.059159565530052305,0.0003222968289012512,0.0004461617505074219,0.4,0.020873569285100962,-0.4526947609871197
2026-04-30,0.023441876582589585,0.09649349455178502,-0.07305161796919545,2.0,5.551115123125783e-17,2.220446049250313e-16,0.0,0.05000000000000004,0.2251248740810464,False,1.0,120,120,240,2026-04-30,3.61,0.0030083333333333333,2026-04-30,0.10423342503354505,0.006341666666666667,0.02010854324925625,-0.16866732440534607,-0.08310115690455944,0.0,0.00032030725455317426,0.00047073550059673487,0.39999999999999997,0.022650833827439678,-0.16889201600307716
2026-05-31,-0.042270892594097845,0.014983107441337937,-0.05725400003543577,1.9999999999999996,-2.220446049250313e-16,-3.885780586188048e-16,-7.216449660063518e-16,0.05000000000000002,0.20364276500827638,False,1.0,116,119,235,2026-05-31,3.6,0.0030000000000000005,2026-05-31,0.05147031284462078,0.006333333333333334,-0.04560422592743118,-0.2969467185478704,-0.12185928942069946,0.0,0.0003328994624695518,0.0004592446225227529,0.3999999999999999,-0.04306303667909015,-0.29718776859470475
2026-06-30,0.04800658294779779,0.042864476321205595,0.005142106626592191,1.999999999999999,-1.6653345369377348e-16,2.7755575615628914e-16,3.3306690738754696e-16,0.050000000000000024,0.20567814578634064,False,1.0,118,117,235,2026-06-30,3.66,0.00305,2026-06-30,-0.010646353722793878,0.006383333333333334,0.04467324961446446,-0.28804852144168464,-0.07970275455843612,-0.010646353722793878,0.00032274066127617994,0.00045390813796281575,0.3999999999999999,0.04722993414855879,-0.28827050002800036
2026-07-31,0.036302531375371545,-0.0173738791160496,0.05367641049142114,1.9999999999999991,-1.1102230246251565e-16,-1.6653345369377348e-16,-1.1102230246251565e-16,0.05,0.2298457406689336,False,1.0,117,119,236,2026-07-31,3.73,0.003108333333333333,2026-07-31,-0.001285443024471311,0.006441666666666667,0.03296919804203821,-0.29936809779151247,-0.046293634931125816,-0.011918111466136194,0.00035335147551660234,0.0004679289635134604,0.3999999999999999,0.03548125093634148,-0.29954583399570484
2026-08-31,-0.03800588968846061,0.008075351638067505,-0.04608124132652811,1.9999999999999987,2.7755575615628914e-16,-5.551115123125783e-17,5.551115123125783e-17,0.05,0.2459234577706553,False,1.0,119,119,238,2026-08-31,3.72,0.0031000000000000003,2026-08-31,0.0262252794496991,0.006433333333333334,-0.04133922302179394,-0.32890214552636665,-0.08254009383711625,0.0,0.00033842105699967895,0.0004821506591338799,0.4,-0.03882646140459417,-0.32911276760206865
